DQN average rewards per episode:

DQN average rewards per episode:

DQN average rewards per episode:
-0.010001999999999851,-0.010012999999999852
DQN average rewards per episode:
-0.010189999999999848,-0.009789999999999858
DQN average rewards per episode:
-0.009894999999999855,-0.009869999999999855
DQN average rewards per episode:
-0.010009999999999852,-0.01011999999999985
DQN average rewards per episode:
-0.010034999999999853,-0.010139999999999849
DQN average rewards per episode:
-0.010019999999999852,-0.010269999999999847
DQN average rewards per episode:
-0.010209999999999848,-0.010179999999999849
DQN average rewards per episode:
-0.009904999999999855,-0.009959999999999853
DQN average rewards per episode:
-0.01007999999999985,-0.01011999999999985
DQN average rewards per episode:
-0.009857999999999856,-0.009993999999999854,-0.009949999999999853,-0.009947999999999851,-0.009952499999999854,-0.009864999999999857,-0.009934499999999855,-0.009819999999999855,-0.009825999999999857,-0.009879999999999852,-0.009740499999999857,-0.009760999999999857,-0.009649999999999858,-0.00959549999999986,-0.00971599999999986,-0.009726999999999859,-0.00961249999999986,-0.00960499999999986,-0.009585999999999862,-0.00960299999999986,-0.009509999999999862,-0.00963499999999986,-0.009583499999999861,-0.00954899999999986,-0.009492499999999864,-0.009470999999999863,-0.009515499999999864,-0.009558499999999862,-0.00951349999999986,-0.009515499999999861,-0.009474999999999862,-0.009429499999999865,-0.009454499999999866,-0.009370499999999867,-0.009519499999999863,-0.009230999999999868,-0.009388499999999864,-0.009368999999999867,-0.009297499999999867,-0.009439999999999862,-0.009342999999999869,-0.009213499999999868,-0.009300499999999868,-0.009310999999999866,-0.009344999999999867,-0.00906749999999987,-0.009338999999999867,-0.009138499999999872,-0.009309499999999868,-0.00918549999999987,-0.00913249999999987,-0.009220499999999866,-0.009076499999999875,-0.00919699999999987,-0.00915449999999987,-0.009027999999999873,-0.008937999999999877,-0.00907249999999987,-0.008969499999999875,-0.008923499999999876,-0.008884999999999876,-0.00912799999999987,-0.008919499999999874,-0.00901199999999987,-0.008967499999999875,-0.008944999999999877,-0.008991499999999875,-0.008908999999999874,-0.008967499999999875,-0.008669499999999882,-0.008683499999999882,-0.008953499999999875,-0.008879999999999876,-0.00869049999999988,-0.008783499999999878,-0.008411499999999888,-0.00866699999999988,-0.008368999999999887,-0.008321499999999888,-0.008531499999999883,-0.008529999999999883,-0.008165999999999892,-0.008317499999999887,-0.008175499999999893,-0.008300999999999888,-0.007745999999999901,-0.008275999999999888,-0.008482499999999884,-0.008027999999999891,-0.007734499999999903,-0.008091499999999894,-0.008208999999999892,-0.008138999999999893,-0.007113499999999914,-0.007943499999999897,-0.007155999999999912,-0.007369499999999908,-0.006789999999999923,-0.0069379999999999165,-0.007027999999999911,-0.006352999999999919,-0.005038999999999948,-0.005680499999999934,-0.003845999999999966,-0.005571499999999941,-0.005243499999999944,-0.004921999999999952,-0.005847999999999929,-0.005242499999999942,-0.004748999999999948,-0.004961499999999952,-0.00427949999999996,-0.005348999999999939,-0.005670499999999937,-0.004716499999999951,-0.003990499999999966,-0.00554549999999994,-0.0054239999999999445,-0.005704499999999933,-0.004599999999999952,-0.0046899999999999555,-0.005126999999999944,-0.00516649999999994,-0.005146999999999945,-0.0034759999999999743,-0.006471499999999919,-0.005207499999999946,-0.006564499999999919,-0.006357999999999922,-0.005671499999999936,-0.005644999999999933,-0.005229999999999948,-0.005364999999999942,-0.0052054999999999445,-0.0047904999999999484,-0.006472499999999923,-0.0049659999999999505,-0.005682499999999937,-0.005503999999999941,-0.005443499999999941,-0.00634549999999993,-0.005153499999999948,-0.006411499999999927,-0.004783999999999951,-0.005239999999999943,-0.00620749999999993,-0.005765999999999939,-0.005792499999999928,-0.0038999999999999673,-0.005140999999999947,-0.005469499999999937,-0.005534499999999938,-0.0057954999999999335,-0.0050304999999999465,-0.005753999999999937,-0.005226999999999942,-0.005492499999999942,-0.006359999999999921,-0.004533499999999956,-0.0052564999999999435,-0.00487049999999995,-0.004809999999999952,-0.005439999999999942,-0.00597449999999993,-0.005273499999999945,-0.004620999999999951,-0.005677999999999941,-0.005615499999999934,-0.0056044999999999385,-0.004003999999999964,-0.005468499999999939,-0.004375499999999961,-0.0052729999999999435,-0.0053659999999999385,-0.006263999999999922,-0.005073499999999949,-0.006552499999999918,-0.004838999999999952,-0.005564999999999936,-0.004782999999999954,-0.00644499999999992,-0.0052619999999999395,-0.0048674999999999535,-0.006075999999999931,-0.004958999999999945,-0.005227499999999947,-0.006163999999999928,-0.005292499999999946,-0.005645499999999939,-0.004824499999999947,-0.00532599999999994,-0.005495499999999941,-0.004851999999999946,-0.00553999999999994,-0.0051909999999999405,-0.004182999999999962,-0.0052524999999999395,-0.005653999999999939,-0.005304499999999942,-0.005536499999999938,-0.006616499999999916,-0.005997499999999929,-0.004838999999999949,-0.004610499999999953,-0.005447499999999939,-0.006147499999999931,-0.0044754999999999595,-0.004967999999999947,-0.004476499999999955,-0.004522499999999957,-0.00433349999999996,-0.004422499999999958,-0.0044949999999999565,-0.005146999999999945,-0.006297999999999924,-0.00450049999999996,-0.004832499999999951,-0.004819499999999947,-0.005342499999999945,-0.005500999999999942,-0.006552999999999917,-0.00441249999999996,-0.005166999999999947,-0.006149499999999924,-0.005394499999999941,-0.004929499999999947,-0.0045504999999999565,-0.005700499999999934,-0.006216499999999922,-0.0051979999999999475,-0.005841499999999937,-0.005833499999999935,-0.005318499999999941,-0.005382499999999938,-0.0049959999999999475,-0.005361499999999939,-0.005705499999999935,-0.00598399999999993,-0.006728999999999917,-0.006018999999999929,-0.005270499999999941,-0.005518499999999938,-0.0053439999999999425,-0.006045999999999929,-0.0047664999999999505,-0.006633499999999919,-0.005211999999999941,-0.005553999999999943,-0.005014499999999948,-0.005290999999999944,-0.005303499999999942,-0.0050259999999999454,-0.004337999999999958,-0.005059999999999948,-0.005363499999999943,-0.006422999999999919,-0.0060764999999999274,-0.006452499999999924,-0.005912999999999935,-0.00649299999999992,-0.005470999999999939,-0.005024499999999946,-0.006193499999999925,-0.00613749999999993,-0.00513149999999995,-0.004574499999999955,-0.004316999999999956,-0.004070999999999962,-0.005741999999999935,-0.0049904999999999455,-0.005941499999999932,-0.005536499999999937,-0.005349999999999942,-0.00543699999999994,-0.00659949999999992,-0.0047474999999999505,-0.0065634999999999236,-0.004349499999999958,-0.006071999999999932,-0.004912999999999957,-0.004963499999999946,-0.006734499999999912,-0.0053354999999999445,-0.005011499999999945,-0.005180999999999947,-0.005306499999999945,-0.006404999999999922,-0.005249499999999941,-0.004166499999999966,-0.004625999999999951,-0.003843499999999965,-0.00520749999999994,-0.0047364999999999526,-0.005424499999999939,-0.005434499999999937,-0.004014999999999959,-0.006515999999999918,-0.007167499999999908,-0.005772999999999935,-0.006951999999999914,-0.005441499999999941,-0.006218499999999922,-0.005543999999999935,-0.0060964999999999275,-0.0049679999999999455,-0.004790499999999946,-0.005607999999999932,-0.006670999999999922,-0.005779499999999936,-0.004538691729323266,-0.0060829999999999305,-0.005563499999999938,-0.00490949999999995,-0.004735499999999948,-0.005268999999999945,-0.004566999999999957,-0.004941499999999943,-0.004578499999999952,-0.00512849999999994,-0.003822999999999968,-0.0055439999999999405,-0.004996999999999948,-0.004454499999999957,-0.00466149999999995,-0.00444699999999996,-0.004911499999999948,-0.004207999999999963,-0.004287499999999956,-0.004948499999999948,-0.005582499999999936,-0.0058564999999999355,-0.004559499999999958,-0.004737499999999953,-0.006318999999999924,-0.004977999999999951,-0.005507499999999937,-0.00435849999999996,-0.004105499999999965,-0.004931499999999948,-0.005458999999999942,-0.006416499999999925,-0.0057519999999999325,-0.006859999999999913,-0.005929499999999929,-0.005774499999999938,-0.006622499999999922,-0.005341999999999942,-0.006340499999999928,-0.005646999999999935,-0.005816499999999934,-0.006441499999999922,-0.004982499999999948,-0.005479999999999936,-0.00527649999999994,-0.0060769999999999245,-0.004742999999999953,-0.0075269999999998975,-0.004801499999999952,-0.005177999999999944,-0.004945499999999948,-0.005751999999999934,-0.005593499999999937,-0.005525499999999937,-0.006759499999999911,-0.00551399999999994,-0.005935999999999929,-0.0050269999999999464,-0.006655499999999921,-0.004231499999999956,-0.0041834999999999616,-0.004152499999999961,-0.004097499999999962,-0.005179499999999946,-0.005749999999999932,-0.004657499999999954,-0.004458999999999959,-0.005183499999999947,-0.004911499999999949,-0.0050894999999999465,-0.005342499999999937,-0.005840499999999935,-0.004962999999999953,-0.006413999999999927,-0.0054414999999999394,-0.005367499999999941,-0.006154999999999927,-0.005328499999999939,-0.006093499999999927,-0.00544299999999994,-0.006209999999999924,-0.005485999999999941,-0.005256999999999942,-0.004604999999999954,-0.00543149999999994,-0.004824499999999952,-0.005146499999999947,-0.006930499999999913,-0.004246999999999956,-0.006074999999999929,-0.005621499999999935,-0.005510999999999936,-0.006573499999999918,-0.0044824999999999605,-0.005063999999999945,-0.0052314999999999445,-0.0055339999999999365,-0.005780499999999934,-0.0055274999999999404,-0.005683499999999938,-0.00554749999999994,-0.006014499999999931,-0.006178499999999927,-0.005042499999999946,-0.005712499999999931,-0.005345499999999944,-0.004606499999999955,-0.005209999999999951,-0.006234999999999925,-0.006748499999999917,-0.005177999999999946,-0.004476499999999961,-0.004437999999999953,-0.004855499999999947,-0.005160499999999951,-0.0059144999999999285,-0.0048064999999999514,-0.005683499999999937,-0.004753999999999951,-0.004185999999999959,-0.00700799999999991,-0.005467499999999939,-0.004262499999999956,-0.005297499999999943,-0.0060304999999999265,-0.005155499999999946,-0.0055699999999999405,-0.00477049999999995,-0.005397999999999939,-0.005692499999999936,-0.005672499999999935,-0.005527999999999937,-0.005312999999999946,-0.004569499999999954,-0.005488499999999943,-0.00534949999999994,-0.004738499999999956,-0.006127999999999927,-0.0049324999999999525,-0.005038499999999943,-0.0049809999999999455,-0.004078999999999963,-0.005112499999999945,-0.005387999999999943,-0.004822999999999951,-0.0039714999999999655,-0.005635499999999934,-0.005277499999999949,-0.005102999999999946,-0.00651699999999992,-0.005087999999999944,-0.004642499999999957,-0.004303999999999959,-0.005269999999999943,-0.005551999999999937,-0.004495999999999959,-0.005475499999999937,-0.005461999999999939,-0.005857499999999936,-0.006936499999999911,-0.006203999999999923,-0.006422999999999919,-0.0048424999999999475,-0.00587599999999993,-0.0048179999999999525,-0.005639499999999936,-0.005925499999999931,-0.0066109999999999225,-0.0047264999999999495,-0.004988999999999947,-0.005099999999999944,-0.005244499999999943,-0.005862499999999933,-0.006115999999999933,-0.005874499999999929,-0.0045039999999999525,-0.006353499999999922,-0.004953499999999949,-0.0045989999999999556,-0.004663999999999953,-0.005194999999999946,-0.004873499999999951,-0.004512999999999958,-0.004923499999999947,-0.005920499999999929,-0.005048999999999946,-0.005686499999999936,-0.00507899999999995,-0.0044029999999999556,-0.005020999999999949,-0.0066244999999999195,-0.005081999999999947,-0.006106999999999927,-0.005094999999999942,-0.00567299999999994,-0.00510999999999995,-0.005739999999999937,-0.004509499999999951,-0.004677499999999951,-0.006637999999999917,-0.006286999999999923,-0.005838499999999932,-0.005721499999999938,-0.005065999999999942,-0.005682999999999936,-0.004910999999999945,-0.003936999999999969,-0.004377999999999966,-0.004369999999999959,-0.0052294999999999425,-0.004825499999999952,-0.0047009999999999535,-0.003600999999999969,-0.0048134999999999515,-0.005387999999999941,-0.004027999999999965,-0.005560999999999934,-0.004127999999999963,-0.005713499999999932,-0.0035819999999999706,-0.004671999999999957,-0.0064194999999999235,-0.006386999999999926,-0.00490049999999995,-0.005359999999999947,-0.004082999999999963,-0.00495399999999995,-0.005025999999999947,-0.005576999999999936,-0.005607499999999936,-0.005298499999999944,-0.005957499999999934,-0.004850499999999949,-0.006503999999999921,-0.005549499999999935,-0.004713499999999949,-0.005400999999999937,-0.005579999999999937,-0.006817499999999911,-0.004780999999999956,-0.005276999999999943,-0.004243999999999965,-0.006477999999999923,-0.0060634999999999275,-0.005485499999999939,-0.006590999999999916,-0.005131999999999946,-0.005004999999999951,-0.005435999999999939,-0.004728499999999947,-0.004213999999999956,-0.004958999999999948,-0.004785499999999955,-0.004636999999999957,-0.005305999999999943,-0.005213499999999943,-0.0055349999999999375,-0.005449499999999939,-0.006033999999999931,-0.005999499999999929,-0.0065254999999999185,-0.005033499999999946,-0.006110499999999927,-0.004927499999999949,-0.005696999999999933,-0.006317499999999926,-0.005091999999999948,-0.005326499999999943,-0.005675499999999937,-0.005477999999999941,-0.004638999999999954,-0.0037834999999999653,-0.005088499999999948,-0.005302999999999943,-0.0056314999999999334,-0.004076499999999967,-0.005052499999999946,-0.005628499999999936,-0.005742499999999935,-0.005830999999999935,-0.005694999999999933,-0.0055819999999999394,-0.006219999999999926,-0.0052029999999999455,-0.004741999999999944,-0.004732999999999953,-0.0053209999999999456,-0.004738499999999952,-0.005435999999999944,-0.00540249999999994,-0.0037859999999999678,-0.004397499999999955,-0.005013499999999947,-0.005308499999999944,-0.004693999999999954,-0.005024499999999945,-0.006019499999999931,-0.004243999999999962,-0.004848999999999948,-0.005661999999999937,-0.005909499999999928,-0.005463499999999936,-0.00498249999999995,-0.0058344999999999335,-0.00611049999999993,-0.005193999999999942,-0.00529599999999994,-0.005454499999999938,-0.006835999999999914,-0.005798999999999935,-0.004716999999999954,-0.00545049999999994,-0.004582499999999958,-0.004864499999999947,-0.006102499999999926,-0.006104999999999928,-0.0054374999999999354,-0.005143499999999942,-0.0051604999999999455,-0.004718999999999951,-0.00625649999999992,-0.004779999999999948,-0.00652549999999992,-0.005066499999999949,-0.0049004999999999466,-0.005057999999999946,-0.004883999999999947,-0.005577999999999943,-0.005594499999999938,-0.004507999999999958,-0.004527499999999958,-0.005189499999999942,-0.0061719999999999275,-0.005247499999999944,-0.005609999999999937,-0.005665499999999933,-0.005547499999999935,-0.0046544999999999555,-0.005710499999999936,-0.004274499999999957,-0.003972999999999961,-0.005105999999999942,-0.005953999999999932,-0.006292999999999924,-0.0058644999999999305,-0.004931499999999951,-0.005158999999999946,-0.005880999999999932,-0.004889499999999945,-0.004674499999999952,-0.005614499999999933,-0.005136999999999942,-0.005907999999999932,-0.005574499999999936,-0.006576499999999923,-0.005400999999999944,-0.0050834999999999474,-0.005055499999999948,-0.005949499999999935,-0.005670499999999935,-0.004960999999999949,-0.004600499999999955,-0.006630499999999916,-0.004524999999999958,-0.004724999999999954,-0.0049084999999999485,-0.004672999999999956,-0.004307499999999961,-0.004113999999999966,-0.005973499999999931,-0.0053539999999999395,-0.005628499999999932,-0.00484599999999995,-0.005521499999999939,-0.007412499999999903,-0.004620999999999955,-0.005906999999999931,-0.004742499999999953,-0.005188999999999944,-0.004438999999999958,-0.005628999999999937,-0.004243999999999959,-0.004581499999999955,-0.004053999999999968,-0.005916499999999933,-0.004989999999999948,-0.004098499999999965,-0.004705999999999949,-0.005052999999999945,-0.005048499999999945,-0.004198999999999958,-0.005194999999999945,-0.0061369999999999324,-0.003538499999999977,-0.004906999999999947,-0.004410999999999962,-0.004844499999999949,-0.0046894999999999515,-0.005359999999999942,-0.0063579999999999245,-0.004283999999999966,-0.006296999999999923,-0.00473999999999995,-0.004386999999999959,-0.005940499999999932,-0.005561499999999937,-0.004516999999999956,-0.005460999999999939,-0.00542399999999994,-0.005565999999999942,-0.006331999999999923,-0.004372999999999959,-0.005192499999999938,-0.005364999999999939,-0.005964999999999931,-0.003997499999999961,-0.004577499999999954,-0.005830499999999937,-0.005815499999999934,-0.005768999999999932,-0.005920999999999929,-0.004314999999999957,-0.004419999999999959,-0.005717999999999937,-0.005726499999999938,-0.004634999999999952,-0.005315999999999943,-0.006296999999999926,-0.005981499999999932,-0.005674499999999935,-0.005499499999999937,-0.004651999999999952,-0.006443499999999923,-0.004524499999999955,-0.004233499999999962,-0.005377499999999943,-0.004691999999999953,-0.004990999999999949,-0.004411999999999957,-0.0046944999999999565,-0.005545499999999938,-0.006334999999999926,-0.005626999999999937,-0.0052414999999999415,-0.004225999999999963,-0.005432499999999938,-0.0038864999999999655,-0.00659949999999992,-0.005378499999999944,-0.005789999999999933,-0.006349499999999923,-0.005937499999999929,-0.004526999999999957,-0.006161999999999926,-0.004604499999999953,-0.0053654999999999415,-0.004511999999999958,-0.005584499999999942,-0.004336999999999961,-0.00600299999999993,-0.006368499999999925,-0.004707499999999953,-0.004761999999999952,-0.00493299999999995,-0.00518049999999994,-0.004522999999999958,-0.004491999999999956,-0.006655499999999917,-0.003424999999999971,-0.005311499999999945,-0.00534649999999994,-0.006228499999999927,-0.006432999999999925,-0.005886999999999932,-0.004369999999999956,-0.006160999999999925,-0.0047729999999999535,-0.005213999999999944,-0.006115499999999929,-0.0033314999999999742,-0.004909999999999947,-0.004414499999999957,-0.004935499999999948,-0.00388599999999997,-0.006020999999999934,-0.005327499999999938,-0.004893999999999946,-0.004998499999999949,-0.005707999999999941,-0.006132999999999926,-0.005813499999999933,-0.003887499999999965,-0.005310999999999945,-0.005131499999999948,-0.004999999999999947,-0.004958499999999944,-0.00535449999999994,-0.004599999999999953,-0.004685499999999955,-0.005652999999999936,-0.004627499999999953,-0.0044799999999999545,-0.0053089999999999405,-0.0033184999999999742,-0.005437499999999938,-0.00438999999999996,-0.00540149999999994,-0.007250999999999908,-0.006045999999999932,-0.005165499999999946,-0.0050249999999999505,-0.004325499999999956,-0.004851999999999949,-0.0046104999999999514,-0.006166499999999931,-0.006416999999999921,-0.00545699999999994,-0.004414999999999959,-0.00510849999999995,-0.0039204999999999665,-0.0047384999999999546,-0.005563499999999935,-0.004067499999999967,-0.004333999999999957,-0.005957499999999931,-0.004765999999999955,-0.005229999999999945,-0.0048924999999999524,-0.003389999999999974,-0.003665499999999971,-0.004760499999999954,-0.005066499999999948,-0.006254999999999929,-0.005335499999999945,-0.004696999999999953,-0.006092999999999931,-0.005207999999999945,-0.006630499999999919,-0.004427999999999958,-0.004588499999999957,-0.005520999999999941,-0.005067999999999952,-0.0037684999999999685,-0.006044999999999932,-0.004546499999999951,-0.005292499999999945,-0.006822499999999914,-0.0055929999999999366,-0.004986999999999946,-0.005605999999999936,-0.0054434999999999414,-0.005041999999999947,-0.00598699999999993,-0.005746499999999937,-0.003626499999999968,-0.00470599999999995,-0.006519499999999923,-0.00446599999999996,-0.006430999999999925,-0.005589499999999935,-0.005610499999999937,-0.0058044999999999364,-0.004539999999999956,-0.005624499999999939,-0.0055749999999999385,-0.004804999999999952,-0.004458999999999959,-0.00546199999999994,-0.00646949999999992,-0.005137999999999943,-0.003828999999999962,-0.005398999999999944,-0.006191499999999922,-0.00442449999999996,-0.005338999999999942,-0.0041724999999999575,-0.0044789999999999535,-0.004581999999999951,-0.004184999999999958,-0.005767499999999934,-0.004653499999999954,-0.005787499999999937,-0.005787499999999937,-0.005423999999999936,-0.004312999999999955,-0.005175499999999946,-0.004349999999999962,-0.004710999999999954,-0.004486499999999956,-0.0065679999999999185,-0.005112999999999948,-0.005462499999999937,-0.005593999999999937,-0.005884499999999928,-0.00492899999999995,-0.0064764999999999216,-0.005156999999999945,-0.0061754999999999284,-0.005643499999999935,-0.005157999999999942,-0.005644499999999937,-0.005362999999999943,-0.0046659999999999514,-0.0056594999999999345,-0.004774999999999948,-0.005419499999999943,-0.005412499999999936,-0.004699999999999951,-0.005736999999999935,-0.0053544999999999435,-0.005844999999999939,-0.004669999999999947,-0.0042054999999999575,-0.005487999999999939,-0.005401499999999943,-0.005643499999999937,-0.004078999999999962,-0.005489999999999939,-0.004145499999999962,-0.00602949999999993,-0.005885499999999934,-0.005807999999999936,-0.004478999999999956,-0.003811499999999967,-0.004903499999999952,-0.004272999999999966,-0.0046414999999999556,-0.005186499999999946,-0.005963499999999932,-0.005437499999999937,-0.005779499999999937,-0.005455499999999939,-0.004319499999999959,-0.0056024999999999365,-0.005148999999999949,-0.00580499999999993,-0.005888499999999934,-0.0064949999999999175,-0.006247999999999929,-0.005563999999999935,-0.005200999999999945,-0.005271499999999942,-0.004639999999999953,-0.005005499999999948,-0.004355499999999958,-0.005615999999999935,-0.0050339999999999465,-0.004484499999999952,-0.004966999999999948,-0.0046529999999999514,-0.005742999999999934,-0.004555999999999953,-0.0058774999999999375,-0.00429699999999996,-0.0058139999999999355,-0.005865499999999932,-0.0056389999999999375,-0.005522999999999938,-0.004787499999999952,-0.005042499999999946,-0.003909499999999965,-0.0044979999999999526,-0.004177999999999958,-0.006171999999999926,-0.0036324999999999734,-0.005624999999999931,-0.0049494999999999505,-0.00547099999999994,-0.005336499999999944,-0.004588499999999955,-0.00536049999999994,-0.005150499999999944,-0.005158499999999944,-0.00520299999999994,-0.0044194999999999564,-0.0032524999999999763,-0.003973499999999969,-0.006283999999999927,-0.005323499999999943,-0.0056034999999999375,-0.004822999999999953,-0.0056484999999999366,-0.005043499999999948,-0.006262499999999923,-0.0054634999999999415,-0.00496499999999995,-0.005755999999999937,-0.005050999999999944,-0.0058654999999999315,-0.004666999999999954,-0.005883499999999932
